0x006bca3c,_dadd
0x006bd3d0,_dcmp
0x006bd628,_dcmp_reverse
0x006bcd14,_ddiv
0x006bd1e0,_dfix
0x006bd290,_dfixu
0x006bd318,_dflt
0x006bd3c4,_dfltu
0x006bab48,_divmod_signed_int
0x006bafe0,_divmod_unsigned_int
0x006bd458,_dmul
0x006bd6c8,_drsb
0x006bd854,_dsub
0x006bdbd8,_f2d
0x006bdd5c,_fdiv
0x006bdf40,_ffix
0x006bdfb4,_ffixu
0x006be014,_fflt
0x006be048,_ffltu
0x006be050,_fmul
0xff826964,_GetSystemTime
0x006bb388,_log
0x006bb8c8,_log10
0x006bba40,_pow
0x006bc9f0,_safe_sqrt
0x006be550,_scalbn
0x006bd6e0,_sqrt
0xff824ea4,_uartr_req
0xff9689f0,AbortAEIntegralValue_FW
0xff82a218,AcquireRecursiveLock
0xff8267f8,AcquireRecursiveLockStrictly
0xff96b0e8,ActivateAdjLog_FW
0xff904730,ActivateImager_FW
0xff9047c8,ActivateImagerXOne_FW
0xffa714d4,add_ptp_handler
0xff9b756c,add_ui_to_dialog
0xff9a5364,AdditionAgentRAM_FW
0xffaa85f8,AddTransparentMemory_FW
0xffb7a29c,AdjAEWithAperturePriority_FW
0xffb7a244,AfAEWithAperturePriority_FW
0xffb7a44c,AfAEWithCompensation_FW
0xff901078,AFTool.GetEVal_FW
0xff9012f8,AFTool.SetAFLogType_FW
0xff9012d0,AFTool.StoreAFixPosition_FW
0xffadac88,AllocateMemory
0xffadac88,AllocateMemory_FW
0xff8261f4,AllocateUncacheableMemory
0xffa215e8,apex2us
0xff838bf8,atol_FW
0xff9697f4,AttachIntegCrawData_FW
0xffaa8630,AttachToTransparentMemory_FW
0xffb530d8,Bat_Calc_FW
0xffb7bbbc,Bat_Save_FW
0xffb7bba8,Bat_VIN_FW
0xff8697b4,BeepDrive_FW
0xff8697d4,BeepDriveComp_FW
0xffb7920c,CalcLog10
0xffb79248,CalcLog10_FW
0xffb7bbd4,CalcLowBatteryOffsetValue_FW
0xffb79338,CalcSqrt_FW
0xffb530d8,CalculateBatSenseOffset_FW
0xffb81054,CalculateInterpolationByLS_FW
0xffb791dc,CalculateLog2ToApex_FW
0xffb791b4,CalculatePeakFromLeastSquareResult_FW
0xffb80ffc,CalculatePeakPosByLS_FW
0xffb791f0,CalculatePow2FromApex_FW
0xff87bcb4,CalculateTestRecYUVData_FW
0xffb7a07c,CancelAdj_AEMode_FW
0xffb7e3fc,CancelAdjCdsMode_FW
0xffb7fa0c,CancelBPFilterForBP_FW
0xffb79944,CancelExStrobeMode_FW
0xffad550c,CancelFocusLensMaxSpeedLimit_FW
0xff899668,CancelHPTimer
0xffb784f4,CancelImageDrive_FW
0xff904998,CancelImager_FW
0xff826b6c,CancelTimer
0xff99845c,Capture.Create_FW
0xffb78558,CaptureWithParam_FW
0xffaa6ce8,ChangeAdjImgDrvMode_FW
0xffaa6d14,ChangeAEIntegDrvTypeToAdjImgDriveType_FW
0xff904b04,ChangeAutoSlowShutterEnable_FW
0xffa40b68,ChangeDefectRecParam_FW
0xffb7b968,ChangeDistortionSetForLiveImage_FW
0xffb7b978,ChangeElectronicRollISSetting_FW
0xffad56f8,ChangeFocusDistanceToPosition_FW
0xffad5c0c,ChangeFocusLensStopSettingType_FW
0xffb785a0,ChangeImageDrive_FW
0xff904a1c,ChangeImagerToAlternateDraft_FW
0xff9049dc,ChangeImagerToCombiParallel_FW
0xff904a14,ChangeImagerToDigiconMode_FW
0xff904a8c,ChangeImagerToElectraGlide_FW
0xff904ad4,ChangeImagerToEsperRocketH_FW
0xff904a74,ChangeImagerToFalconJump_FW
0xff904a54,ChangeImagerToFantaJungle_FW
0xff9049ec,ChangeImagerToFocusJet_FW
0xff904a44,ChangeImagerToHarleyDavidson_FW
0xff904ab4,ChangeImagerToHarleyDavidsonNepal_FW
0xff904aa4,ChangeImagerToHarleySunshine_FW
0xff904a84,ChangeImagerToHealthyVegetable_FW
0xff904a04,ChangeImagerToHoneyFlash_FW
0xff904a5c,ChangeImagerToHoneyFlashDark_FW
0xff904acc,ChangeImagerToLasVegasMagic_FW
0xff904a6c,ChangeImagerToLCWideDraft_FW
0xff904a4c,ChangeImagerToMachDashV_FW
0xff9049f4,ChangeImagerToMangoPudding_FW
0xff904a0c,ChangeImagerToMillefeAdjust_FW
0xff904a34,ChangeImagerToMontblancMillefe_FW
0xff904a3c,ChangeImagerToMontblancMovie_FW
0xff904a2c,ChangeImagerToMontblancWhole_FW
0xff904a14,ChangeImagerToOITA_XAVIER_FW
0xff9049bc,ChangeImagerToRegularDrive_FW
0xff904a64,ChangeImagerToRoadKing_FW
0xff904abc,ChangeImagerToRoadKingNepal_FW
0xff904aac,ChangeImagerToRoadQueen_FW
0xff904a7c,ChangeImagerToSpriteSunshine_FW
0xff9049fc,ChangeImagerToSuperWideDraft_FW
0xff904ac4,ChangeImagerToSuperWideNepal_FW
0xff904a24,ChangeImagerToUltraGhostQ_FW
0xff904a9c,ChangeImagerToVeryFastMangoPudding_FW
0xff904a94,ChangeImagerToVeryFastWideDraft_FW
0xff9049c4,ChangeImagerToWholeParallel_FW
0xff9049cc,ChangeImagerToWholeParallelBP_FW
0xff9049e4,ChangeImagerToWideDraft_FW
0xff9049d4,ChangeImagerToWideDraftFinancier_FW
0xffad5d00,ChangeIrisSpeed_FW
0xffad685c,ChangeZoomLensMagnificationToPoint_FW
0xffad684c,ChangeZoomLensPointToMagnification_FW
0xffb79994,ChargeStrobe_FW
0xffb799cc,ChargeStrobeForFA_FW
0xff8299b0,CheckAllEventFlag
0xff829954,CheckAnyEventFlag
0xff89b460,CheckSumAll_FW
0xffa40d58,ClearDefectTurnTable_FW
0xff82e594,ClearDUIDFixFlag_FW
0xff82e514,ClearDurianMode_FW
0xff829c0c,ClearEventFlag
0xff82e6e0,ClearFactoryMasterFlag_FW
0xff82e6f8,ClearFactoryMasterROMProtection_FW
0xff82e514,ClearFactoryMode_FW
0xffb9ab10,ClearPMByFs_FW
0xffb9aaf8,ClearPMByGpio_FW
0xffaa6f74,ClearSoundDevForRecEvent_FW
0xff82e150,ClearWLANFactoryMode_FW
0xffaa816c,ClearZoomCommonDriveParam_FW
0xffaa78cc,ClearZoomDriveParam_FW
0xff827b18,Close
0xff823d18,close
0xff827b18,Close_FW
0xff89c1c8,CloseConsole_FW
0xffaba100,closedir
0xffad61bc,CloseMechaShutter_FW
0xffad6214,CloseMechaShutterWithTiming_FW
0xffb7ca78,CloseMShutter_FW
0xffaa6c80,ConvertAdjImgDrvModeToAdjImgDriveType_FW
0xffaa6c34,ConvertAEIntegDrvTypeToAdjImgDriveType_FW
0xffb792a0,ConvertApexStdToApex_FW
0xffb79270,ConvertApexToApexStd_FW
0xffb79854,ConvertCxCyToWBGain_FW
0xffb7e4b0,ConvertToPositionWithDistance_FW
0xffb7e494,ConvertToPositionWithDistanceAndZoomPoint_FW
0xffb78698,ConvertTvToExposureTime_FW
0xff89bf28,CPrintf_FW
0xff89bf80,CPutChar_FW
0xff875718,CreateAdjustmentTableMirror_FW
0xff8262cc,CreateBinarySemaphore
0xff8266a4,CreateBinarySemaphoreStrictly
0xff89e580,CreateController_FW
0xff826350,CreateCountingSemaphore
0xff826350,CreateCountingSemaphore_FW
0xff8266cc,CreateCountingSemaphoreStrictly
0xff875728,CreateDefectTableMirror_FW
0xff9b285c,CreateDialogBox
0xff82988c,CreateEventFlag
0xff82667c,CreateEventFlagStrictly
0xff96a9fc,CreateFADBGSingalID_FW
0xffb7cc94,CreateJumptable
0xff829cdc,CreateMessageQueue
0xff826654,CreateMessageQueueStrictly
0xff835d04,CreateProxyOfEventProcedure_FW
0xff82a158,CreateRecursiveLock
0xff8266f4,CreateRecursiveLockStrictly
0xff824a30,CreateTask
0xff824a30,CreateTask_FW
0xff82661c,CreateTaskStrictly
0xff87627c,CreateUserSettingMirror_FW
0xffa3ff80,CrossDefDetect_FW
0xffa400c4,CrossPickUpDetect_FW
0xffa40314,CrowdLineDetect_FW
0xffa40494,CrowdLineKizuCheck_FW
0xff89e804,CtrlMan_ChangeZOrder_FW
0xff8874ac,CzDebugPrint_FW
0xff8874c0,CzDebugPrintToFile_FW
0xffad6fec,DcmTfMeasure_FW
0xffad70a8,DcmTfMeasureForSD_FW
0xffad6bdc,DcmWowFla_FW
0xffad6c98,DcmWowFlaForSD_FW
0xff824ddc,DebugAssert
0xff89e660,DeleteController_FW
0xff827518,DeleteDirectory_Fut
0xff8298ec,DeleteEventFlag
0xff8274a4,DeleteFile_Fut,(stubs_entry_2.s)
0xff829d8c,DeleteMessageQueue
0xff835d5c,DeleteProxyOfEventProcedure_FW
0xff82a1b0,DeleteRecursiveLock
0xff8263b0,DeleteSemaphore
0xff8263b0,DeleteSemaphore_FW
0xffb7c998,DevelopStillPicture_FW
0xffa416a8,DevelopTool.DevelopTest_FW
0xff96a320,DeviceUniqueIDCheckSum_FW
0xff96d814,DisableDebugLogMode_FW
0xffad5568,DisableFocusLens_FW
0xffad55e4,DisableFocusLensGainLock_FW
0xffad5608,DisableFocusLensSlopeGain_FW
0xffad5634,DisableFocusLensWaveLock_FW
0xffad6034,DisableFocusPiCircuit_FW
0xffb78668,DisableHeadDirectCapturePath_FW
0xffad5e20,DisableLensError_FW
0xffad6014,DisableMechaCircuit_FW
0xffad6128,DisableResetGpio_FW
0xffaca2f0,DisableZoomActuatorSpeedLog_FW
0xffad607c,DisableZoomEncoderCircuit_FW
0xffad6828,DisableZoomLensElectricControl_FW
0xffad64a8,DisableZoomLensEncoderPowerControl_FW
0xffad6800,DisableZoomLensSpeedControl_FW
0xffad6058,DisableZoomPiCircuit_FW
0xff866a84,DispCon_GetLcdGainAdjParameter_FW
0xff86688c,DispCon_GetVideoAdjParameter_FW
0xff866ad0,DispCon_SaveLcdGainAdjParameter_FW
0xff866914,DispCon_SaveVideoAdjParameter_FW
0xff866350,DispCon_SetDisplayType_FW
0xff866a34,DispCon_SetLcdGainAdjParameter_FW
0xff8666f0,DispCon_SetMaxBackLightBrightness_FW
0xff866804,DispCon_SetVideoAdjParameter_FW
0xff8662a0,DispCon_ShowBitmapColorBar
0xff8662a0,DispCon_ShowBitmapColorBar_FW
0xff866284,DispCon_ShowBlackChart_FW
0xff866114,DispCon_ShowColorBar_FW
0xff866370,DispCon_ShowColorChart_FW
0xff8662fc,DispCon_ShowCustomColorBar_FW
0xff86616c,DispCon_ShowFiveStep_FW
0xff866ac0,DispCon_ShowLcdGainAdjParameter_FW
0xff866560,DispCon_ShowNStepsChart_FW
0xff8668e8,DispCon_ShowVideoAdjParameter_FW
0xff86624c,DispCon_ShowWhiteChart_FW
0xff86638c,DispCon_ShowWhiteLine_FW
0xff8666e0,DispCon_TurnOffBackLight_FW
0xff866748,DispCon_TurnOffBackLightForCheckVoltage_FW
0xff8666c0,DispCon_TurnOffDisplay_FW
0xff8666d0,DispCon_TurnOnBackLight_FW
0xff866704,DispCon_TurnOnBackLightForCheckVoltage_FW
0xff8666b0,DispCon_TurnOnDisplay_FW
0xff997d30,DispDev.Create_FW
0xff996954,DispDev_EnableEventProc_FW
0xff8b0024,DisplayBusyOnScreen
0xff9b2f68,DisplayDialogBox
0xff82e030,DisplayFactoryMode_FW
0xff833690,DoAELock
0xff833354,DoAFLock
0xffb78648,DoMemToMemDarkSubtraction_FW
0xff8cbd78,DoMovieFrameCapture
0xff996ae0,Driver.Create_FW
0xff996ae0,Driver_EnableEventProc_FW
0xff8347f0,drysh_FW
0xff82e160,DummyUSBConnection_FW
0xff997004,Dump32_FW
0xff996ff4,Dump_FW
0xff874e08,DumpAdjMirror_FW
0xffaa85b8,DumpTransparentMemoryItem_FW
0xff904624,E2LatOn_FW
0xff9461b0,Edet.Create_FW
0xff946198,Edet.Delete_FW
0xffa489f8,EF.AdjPreFlash_FW
0xffa489d8,EF.FlashForColorTempEvaluation_FW
0xffa489b8,EF.FlashWithoutSync_FW
0xffb45b60,EF.GetEFModExamDriveType_FW
0xffa488d8,EF.GetEFModGain_FW
0xffa488cc,EF.GetEFY2_FW
0xffa4882c,EF.GetEFY_FW
0xff8e4df8,EF.IsChargeFull_FW
0xffb45b74,EF.IsIrisTypeKosaiShibori_FW
0xffa48a34,EF.SetChargeMode_FW
0xffa48814,EF.SetChargeOnTime_FW
0xffa487f8,EF.SetEFChargeTimeOut_FW
0xffa489e0,EF.SetMainFlashTime_FW
0xffa48784,EF.StartEFCharge_FW
0xffa48934,EF.StartInternalMainFlash_FW
0xffa488f4,EF.StartInternalPreFlash_FW
0xffa487e8,EF.StopEFCharge_FW
0xff96d800,EnableDebugLogMode_FW
0xffad551c,EnableFocusLens_FW
0xffad55b8,EnableFocusLensGainLockWithVoltage_FW
0xffad55f4,EnableFocusLensSlopeGain_FW
0xffad5618,EnableFocusLensWaveLock_FW
0xffad6024,EnableFocusPiCircuit_FW
0xffb78664,EnableHeadDirectCapturePath_FW
0xff8249f8,EnableInterrupt
0xffad5e18,EnableLensError_FW
0xffad6004,EnableMechaCircuit_FW
0xffad610c,EnableResetGpio_FW
0xffaca2e0,EnableZoomActuatorSpeedLog_FW
0xffad606c,EnableZoomEncoderCircuit_FW
0xffad6814,EnableZoomLensElectricControl_FW
0xffad6498,EnableZoomLensEncoderPowerControl_FW
0xffad67ec,EnableZoomLensSpeedControl_FW
0xffad6048,EnableZoomPiCircuit_FW
0xff949a48,EngApp.Create_FW
0xff9984e8,EngApp.CreatePub_FW
0xff9499f4,EngApp.Delete_FW
0xff82de0c,EngDrvBits
0xffa87100,EngDrvBits_FW
0xff82ddf0,EngDrvIn
0xffa870f0,EngDrvIn_FW
0xff82ddd8,EngDrvOut
0xffa870d4,EngDrvOut_FW
0xff82ddf8,EngDrvRead
0xffa870f8,EngDrvRead_FW
0xffa8711c,EngDrvReadDump_FW
0xff9984a0,EngineDriver.Create_FW
0xff8335f4,EnterToCompensationEVF
0xff99f174,EpilogFile_FW
0xff99f1e0,EpilogMenu_FW
0xff99ee7c,EpilogShow_FW
0xff874ddc,EraseAdjustmentArea_FW
0xff896644,EraseLogSector_FW
0xff86bad8,EraseRom_FW
0xff996ac0,EraseSignature_FW
0xff824798,err_init_task
0xffad42d0,EscapeFocusLens_FW
0xffadacd4,exec_FW
0xff87b7e0,Executedccd_FW
0xffa40b84,ExecuteDefectRec_FW
0xffa40bbc,ExecuteDefectRecAndSaveImage_FW
0xffa40c70,ExecuteDefectRecAndSaveImageWithGrade_FW
0xffa40c34,ExecuteDefectRecWithGrade_FW
0xff87b0c0,ExecuteDigicon_FW
0xff8353c0,ExecuteEventProcedure
0xff835438,ExecuteEventProcedure_FW
0xffb79a38,ExecuteInternalPreFlash_FW
0xff934128,ExecuteResetFactory_FW
0xff934110,ExecuteResetFactoryWithRomWrite_FW
0xff897f70,ExecuteShutDownPropertyService_FW
0xff87bb24,ExecuteSubCameraTestRec_FW
0xff87bb10,ExecuteTestRec_FW
0xff87bb2c,ExecuteTestRecCF_FW
0xff87bd08,ExecuteTestRecDevelopProcess_FW
0xff87bb2c,ExecuteTestRecSD_FW
0xff87bc5c,ExecuteTestRecSw1_FW
0xff87bc44,ExecuteTestRecWithInteg_FW
0xff83363c,ExitFromCompensationEVF
0xff824d78,ExitTask
0xff824d78,ExitTask_FW
0xff835000,ExMem.AllocCacheable_FW
0xff834e98,ExMem.AllocUncacheable_FW
0xff835074,ExMem.FreeCacheable_FW
0xff834f94,ExMem.FreeUncacheable_FW
0xff8348a8,ExMem.View_FW
0xff834fa8,exmem_alloc
0xff835010,exmem_free
0xff828264,ExMem_FW
0xff8d62c8,ExpCtrlTool.SetExpMode_FW
0xff8d6318,ExpCtrlTool.SoundDevTest_FW
0xff84393c,ExpCtrlTool_StartContiAE
0xff843ad4,ExpCtrlTool_StopContiAE
0xff835cf8,ExportToEventProcedure_FW
0xff997d0c,FA.Create_FW
0xff997cf8,FA.Delete_FW
0xff96ab04,FADBGPrintf_FW
0xff96aa0c,FADBGSingal_FW
0xff96ac48,FAPrintf_FW
0xff8275b0,Fclose_Fut
0xff8275b0,Fclose_Fut_FW
0xff82779c,Feof_Fut
0xff8277d8,Fflush_Fut
0xff827704,Fgets_Fut
0xff97b488,File.ClearExifInfo_FW
0xff97b710,File.Create_FW
0xff97b5a8,File.Delete_AllImg_FW
0xffb79fc4,FixAEWithCompensation_FW
0xff9d05c0,FmtMenu_ExecuteQuickFormat_FW
0xffb79e7c,FocusAEWithCompensation_FW
0xffad58bc,FocusLensStopQuickly_FW
0xff827570,Fopen_Fut
0xff827570,Fopen_Fut_FW
0xff82765c,Fread_Fut
0xff82765c,Fread_Fut_FW
0xff825628,free
0xffadac80,FreeMemory
0xffadac80,FreeMemory_FW
0xff826230,FreeUncacheableMemory
0xff827750,Fseek_Fut
0xff827750,Fseek_Fut_FW
0xff8276b0,Fwrite_Fut
0xff8276b0,Fwrite_Fut_FW
0xff8dce6c,get_current_exp
0xffac8ae8,get_current_nd_value
0xff83169c,get_fstype
0xffac8b48,get_nd_value
0xff898164,get_resource_pointer
0xff823390,get_self_task_errno_pointer
0x006b1b94,get_self_task_id
0xff9b7c74,get_string_by_id
0x006b21d8,get_task_properties
0xff8678ec,GetAdChValue
0xff8678ec,GetAdChValue_FW
0xffb7feb0,GetAdjAFInteg_FW
0xff876260,GetAdjDataAreaAddress_FW
0xff874e68,GetAdjTableMapVersion_FW
0xff874e78,GetAdjTableValueVersion_FW
0xff874e30,GetAdjTableVersion_FW
0xff87623c,GetAdjustmentOffset_FW
0xff8678e4,GetAdVBattBottom_FW
0xff9693c4,GetAEIntegralServiceMode_FW
0xff969060,GetAEIntegralValueWithFix_FW
0xff9693b8,GetAEIntegValueBit_FW
0xff968f60,GetAEIntegWinData_FW
0xff968f74,GetAEIntegWinDataWithMode_FW
0xff969184,GetAllAEIntegralAllValueWithFix_FW
0xffa5b35c,GetBaseSv
0xff82dc88,GetBatteryCoverClose_FW
0xff86f06c,GetBatteryTemperature
0xff86f06c,GetBatteryTemperature_FW
0xffaa7164,GetBatteryVoltage_FW
0xff89b314,GetBuildDate_FW
0xff89b328,GetBuildTime_FW
0xffaa6db0,GetCameraInformationData_FW
0xff86eff4,GetCCDTemperature
0xff86eff4,GetCCDTemperature_FW
0xffb7e100,GetCdsGainValue_FW
0xffb7e268,GetCdsPreGainReg_FW
0xff89bfa8,GetCh_FW
0xff89b64c,GetChipVersion_FW
0xffb7b8f0,GetContinuousMovieJpegVRAMData_FW
0xffb7afa8,GetContinuousVRAMData_FW
0xffb7b724,GetContinuousVRAMDataWithRingBuffer_FW
0xff9699b4,GetCrawDataAddr_FW
0xffb785b4,GetCrwImageInfo_FW
0xffaa6bfc,GetCurrentAdjImgDriveType_FW
0xff96a0c8,GetCurrentAvCoefficient_FW
0xff887d20,GetCurrentAvValue
0xff887d20,GetCurrentAvValue_FW
0xff8a9e98,GetCurrentCaptureModeType_FW
0xffaa6d60,GetCurrentCcdTemp_FW
0xffb7e288,GetCurrentDriveBaseSvValue_FW
0xff8c34d0,GetCurrentExposureTime_FW
0xff98dc18,GetCurrentFocusLensPosition_FW
0xff98dc18,GetCurrentFocusPosition_FW
0xffaa6c14,GetCurrentImgDrvMode_FW
0xff96a098,GetCurrentIrisPosition_FW
0xff896f74,GetCurrentMachineTime
0xff96b12c,GetCurrentMaximumLogSize_FW
0xffaa6d80,GetCurrentOptTemp_FW
0xff8c3190,GetCurrentShutterSpeed
0xff8c3190,GetCurrentShutterSpeed_FW
0xff98dbb0,GetCurrentTargetDistance_FW
0xffaa767c,GetCurrentZoomLensDirection_FW
0xff9907e8,GetCurrentZoomLensPoint_FW
0xff990738,GetCurrentZoomLensPosition_FW
0xff9907e8,GetCurrentZoomPoint_FW
0xff990738,GetCurrentZoomPosition_FW
0xffad4170,GetCZFramingAssistAutoHighSpeed_FW
0xffad4178,GetCZFramingAssistAutoLowSpeed_FW
0xffad4168,GetCZFramingAssistStillSpeed_FW
0xffad4158,GetCZMovieDefaultSpeed_FW
0xffad4140,GetCZMovieHighSpeed_FW
0xffad4148,GetCZMovieLowSpeed_FW
0xffad4150,GetCZStillDefaultSpeed_FW
0xffad4130,GetCZStillHighSpeed_FW
0xffad4138,GetCZStillLowSpeed_FW
0xff9012b4,GetDarkFixedFocusPosition_FW
0xff996f3c,GetDateAndTime_FW
0xffb7c00c,GetDay_FW
0xff87ba10,GetdccdFilterValue_FW
0xff87b974,GetdccdImage_FW
0xffb9aa08,GetDcmSpeedLog_FW
0xff875c94,GetDCPAdjOffset_FW
0xffa40764,GetDefectAllResultData_FW
0xffa406e0,GetDefectCrawInfo_FW
0xffa408f4,GetDefectHistgramInfo_FW
0xffa407b0,GetDefectPartResultData_FW
0xffa40d68,GetDefectTurnTableParam_FW
0xffa40930,GetDefectTvAdj_FW
0xff82dc78,GetDialEventId_FW
0xff831724,GetDrive_ClusterSize
0xff831f30,GetDrive_FreeClusters
0xff831f04,GetDrive_TotalClusters
0xff944fb0,GetDriverInfoEvent_FW
0xffb7c640,GetEFUSEData_FW
0xff829c58,GetEventFlagValue
0xffb7991c,GetExStrobeID_FW
0xffa85b44,GetFaceAuthBinAddr_FW
0xffa85b4c,GetFaceAuthBinSize_FW
0xff89b33c,GetFirmwareVersion_FW
0xff98e138,GetFocusDefaultResetPosition_FW
0xff98e054,GetFocusLensAvCoefficient_FW
0xffad5934,GetFocusLensCarrierFrequency_FW
0xffac5b54,GetFocusLensCurrentPosition_FW
0xffac5b58,GetFocusLensCurrentPositionWithMotor_FW
0xffac5b5c,GetFocusLensDriveVoltage_FW
0xffac3b94,GetFocusLensFinalStopSettingTime_FW
0xffac5c80,GetFocusLensGainSlope_FW
0xffac5c34,GetFocusLensHoldVoltage_FW
0xffad4254,GetFocusLensIrisCoefficient_FW
0xffad5700,GetFocusLensLoadCamTable_FW
0xffad56d8,GetFocusLensLoadSubjectDistance_FW
0xffad5820,GetFocusLensMoveMaxPosition_FW
0xffad5838,GetFocusLensMoveMinPosition_FW
0xffad5854,GetFocusLensMoveRangeOfTelePoint_FW
0xffad56d0,GetFocusLensPositionRatio_FW
0xff98d69c,GetFocusLensPullInMaxSpeed_FW
0xffac5114,GetFocusLensResetDefaultPosition_FW
0xffac5104,GetFocusLensResetPosition_FW
0xffb9b89c,GetFocusLensResetVoltage_FW
0xffac5be8,GetFocusLensSettingWaitVoltage_FW
0xff98dbb0,GetFocusLensSubjectDistance
0xffad5654,GetFocusLensSubjectDistance_FW
0xff98df94,GetFocusLensSubjectDistanceFromLens,(stubs_entry_2.s)
0xffad5670,GetFocusLensSubjectDistanceNumber_FW
0xff98f158,GetFocusPiSensorLevel_FW
0xff98e0cc,GetFocusResetPosition_FW
0xff888d00,GetFocusStartZoomPosition_FW
0xffb78810,GetFrameRateWithApex_FW
0xffb7c034,GetHour_FW
0xffaaba88,getImageDirName
0xff9719f4,GetImageFolder
0xff86dd38,GetInputAverageLevel_FW
0xff89b3b8,GetInternalFirmwareVersion_FW
0xff887d20,GetIrisAv_FW
0xff96a0ec,GetIrisPRResetPosition_FW
0xff86b89c,GetKbdState
0xffb7c510,GetLastVBatADLevel_FW
0xff9457b0,GetLatestHVPosition_FW
0xff82dc80,GetLcdPosition_FW
0xff98eb04,GetLensErrorStatus_FW
0xff96b0d8,GetLogData_FW
0xff96b0e0,GetLogDataOnlyAddMemory_FW
0xff89ed40,GetLogicalEventName_FW
0xff89660c,GetLogToFile_FW
0xff849724,GetMacroSupportZoomPoint_FW
0xff888d0c,GetMechaCondition_FW
0xffad6270,GetMechaShutterCloseDacSetting_FW
0xff9900f0,GetMechaShutterMoveTime_FW
0xffad62c0,GetMechaShutterOpenDacSetting_FW
0xff990118,GetMechaShutterStatus_FW
0xff823400,GetMemInfo
0xffb7c05c,GetMinute_FW
0xffaa7064,GetModeDialName_FW
0xffaa6fa8,GetModeDialState_FW
0xff84ce08,GetMontblancVSize_FW
0xffb7bfe0,GetMonth_FW
0xff84fbb4,GetMovieJpegVRAMHPixelsSize_FW
0xff84fbc0,GetMovieJpegVRAMVPixelsSize_FW
0xffb7caec,GetMShutterStatus_FW
0xffac8dc4,GetNdMoveTime_FW
0xff86dd44,GetNowInputAverageLevel_FW
0xff82a0ac,GetNumberOfPostedMessages
0xffb7e180,GetObClampValue_FW
0xff969254,GetOnlyAEIntegData_FW
0xff86f0e4,GetOpticalTemperature
0xff86f0e4,GetOpticalTemperature_FW
0xff9af504,GetParameterData
0xffb7b688,GetPixelsOfViewangle_FW
0xff876244,GetProductID_FW
0xff89cf04,GetPropertyCase
0xff996eb4,GetPropertyCase_FW
0xffb78640,GetRawBufferAdd_FW
0xff86bbb8,GetRomID_FW
0xff82dc4c,GetSDDetect_FW
0xff82dc54,GetSDProtect
0xff82dc54,GetSDProtect_FW
0xffb7c084,GetSecond_FW
0xff89e89c,GetSelfControllerHandle_FW
0xff82659c,GetSemaphoreValue
0xffb7e280,GetSensorPreGain_FW
0xffb787b8,GetShutterSpeedRegularMaxLimit_FW
0xffb787d4,GetShutterSpeedRegularMinLimit_FW
0xff8249d4,GetSRAndDisableInterrupt
0xff89bff8,GetStringWithPrompt_FW
0xffb7aea4,GetSumYOfVRAMCenterLine_FW
0xff82dbe0,GetSwitchStatus_FW
0xffadacc0,GetSystemTime
0xffadacc0,GetSystemTime_FW
0xff87bca8,GetTestRecCrawAddress_FW
0xff996aac,GetTimeFromRTC_FW
0xff82abc4,GetTimeOfSystem_FW
0xffaa8698,GetTransparentMemory_FW
0xffaa86dc,GetTransparentMemoryPosition_FW
0xffaa8688,GetTransparentMemorySize_FW
0xff887dc0,GetUsableAvRange
0xff96a074,GetUsableMaxAv
0xff96a074,GetUsableMaxAv_FW
0xff96a058,GetUsableMinAv
0xff96a058,GetUsableMinAv_FW
0xffb787a8,GetUserSetShutterSPeed_FW
0xff82cab0,GetVBatVoltage_FW
0xffb7a550,GetVideoOutType_FW
0xff84fb9c,GetVRAMHPixelsSize
0xff84fb9c,GetVRAMHPixelsSize_FW
0xff84fba8,GetVRAMVPixelsSize
0xff84fba8,GetVRAMVPixelsSize_FW
0xffb7bfb0,GetYear_FW
0xffaca368,GetZoomActuatorCurrentPosition_FW
0xffaca2cc,GetZoomActuatorSpeedPPS_FW
0xffb9c364,GetZoomAmpereLimitOffTime_FW
0xffaa80b0,GetZoomDefaultCommonDriveParam_FW
0xffaa7eb0,GetZoomDefaultDriveParam_FW
0xff991500,GetZoomDrivingTime_FW
0xff9907e8,GetZoomLensCurrentPoint
0xff9907e8,GetZoomLensCurrentPoint_FW
0xffacb53c,GetZoomLensCurrentPosition
0xff990738,GetZoomLensCurrentPosition_FW
0xffad67c4,GetZoomLensDriveAmpereDac_FW
0xff9914fc,GetZoomLensMechaEdgePosition_FW
0xff991528,GetZoomLensMinimumSpeedMoveLimitTime_FW
0xffaa73e0,GetZoomLensResetPlus_FW
0xff990ce8,GetZoomLensTelePoint_FW
0xffaa7f70,GetZoomNormalDriveParam_FW
0xff992780,GetZoomPiChangePosition_FW
0xff992574,GetZoomPiDefaultPosition_FW
0xff98f110,GetZoomPiSensorLevel_FW
0xffaa7f10,GetZoomResetDriveParam_FW
0xff99259c,GetZoomResetSensorLevel_FW
0xff990ce8,GetZoomTelePoint_FW
0xff82654c,GiveSemaphore
0xff82654c,GiveSemaphore_FW
0xff8a2264,GUISrv_StartGUISystem
0xff8a2264,GUISrv_StartGUISystem_FW
0xff838908,HardwareDefect_FW
0xff8388b4,HardwareDefectWithRestart_FW
0xff99fa5c,HwOcReadICAPCounter
0xff84b1ac,ImagerActivate
0xff96b0fc,InactivateAdjLog_FW
0xff997cd0,InitializeAdjustmentFunction_FW
0xff997c60,InitializeAdjustmentSystem_FW
0xff87af3c,Initializedccd_FW
0xffa40cec,InitializeDefectRec_FW
0xff87af3c,InitializeDigicon_FW
0xffaa8e10,InitializeFAExtendFile_FW
0xffaa8de8,InitializeFAGeneralTest_FW
0xffb7cb58,InitializeMechaDevice_FW
0xff996708,InitializeMechaUnitExeTest_FW
0xffaa6f14,InitializeSoundDevForRecEvent_FW
0xffaa8c38,InitializeSoundRec_FW
0xff87a4b8,InitializeTestRec_FW
0xffb7e418,IsAdjCdsMode_FW
0xffad4160,IsAvailableCZSpeed_FW
0xff86f270,IsBatteryTemperature_FW
0xff86f23c,IsCCDTemperature_FW
0xff89f3d4,IsControlEventActive_FW
0xff82e7c8,IsDUIDFixFlag_FW
0xffb7a654,IsEVFDrive_FW
0xffb7abd8,IsEvfDriveMode_FW
0xffb7992c,IsExStrobeChargeComp_FW
0xff82e050,IsFAConnectUSB_FW
0xff82e748,IsFactoryMode_FW
0xff82e048,IsFAWLANRunning_FW
0xff98e0a8,IsFocusLensOutSidePosition_FW
0xff82dc90,IsHvSensorExist_FW
0xff888cdc,IsLensOutside_FW
0xff96b120,IsLogOutType_FW
0xff82e740,IsMountLens_FW
0xff82e810,IsNormalCameraMode_FW
0xffa85b54,IsOKFaceAuthBinFile_FW
0xff86f208,IsOpticalTemperature_FW
0xff896630,IsRomLogAvailable_FW
0xffaa7078,IsSDDetect_FW
0xff8e4df8,IsStrobeChargeCompleted
0xffacc6e8,IsUnitFirmMode_FW
0xffac9a60,IsZoomActuatorResetSensorPlusSide_FW
0xff991100,IsZoomLensOutSidePosition_FW
0xff968a24,j_AbortAEIntegralValue_FW
0xff9969c0,j_BeepDrive_FW
0xff9969c4,j_BeepDriveComp_FW
0xff827bc4,j_Close_FW
0xff875798,j_CreateUserSettingMirror_FW
0xff904b00,j_E2LatOn_FW
0xffa488e8,j_EF.GetEFModExamDriveType_FW
0xffa489f4,j_EF.IsChargeFull_FW
0xffa488ec,j_EF.IsIrisTypeKosaiShibori_FW
0xff997064,j_exec_FW
0xff87bd60,j_Executedccd_FW
0xff87bd5c,j_ExecuteDigicon_FW
0xff934140,j_ExecuteShutDownPropertyService_FW
0xff82825c,j_ExMem.AllocCacheable_FW
0xff828254,j_ExMem.AllocUncacheable_FW
0xff828260,j_ExMem.FreeCacheable_FW
0xff828258,j_ExMem.FreeUncacheable_FW
0xff828250,j_ExMem.View_FW
0xff9969bc,j_GetAdChValue_FW
0xff874e64,j_GetAdjTableVersion_FW
0xff9969b8,j_GetAdVBattBottom_FW
0xff968f70,j_GetAEIntegWinData_FW
0xff904178,j_GetBaseSv
0xff996aa0,j_GetBatteryCoverClose_FW
0xff86f2c8,j_GetBatteryTemperature_FW
0xffaa7184,j_GetBatteryVoltage_FW
0xffaa6dec,j_GetCameraInformationData_FW
0xff86f2c4,j_GetCCDTemperature_FW
0xffb7e1d0,j_GetCdsGainValue_FW
0xff96a0e0,j_GetCurrentAvCoefficient_FW
0xff969e38,j_GetCurrentAvValue_FW
0xffaa6d7c,j_GetCurrentCcdTemp_FW
0xffb7e2a8,j_GetCurrentDriveBaseSvValue_FW
0xffb786bc,j_GetCurrentExposureTime_FW
0xffb7e53c,j_GetCurrentFocusLensPosition_FW
0xffb7e53c,j_GetCurrentFocusPosition_FW
0xffaa6dac,j_GetCurrentOptTemp_FW
0xffb786c8,j_GetCurrentShutterSpeed_FW
0xffb7e4e0,j_GetCurrentTargetDistance_FW
0xffaa7698,j_GetCurrentZoomLensDirection_FW
0xffaa7678,j_GetCurrentZoomLensPoint_FW
0xffaa7670,j_GetCurrentZoomLensPosition_FW
0xffaa7678,j_GetCurrentZoomPoint_FW
0xffaa7670,j_GetCurrentZoomPosition_FW
0xff87bd68,j_GetdccdFilterValue_FW
0xff87bd64,j_GetdccdImage_FW
0xffb7c628,j_GetDCPAdjOffset_FW
0xff996a98,j_GetDialEventId_FW
0xff996aa8,j_GetDriverInfoEvent_FW
0xffb7c654,j_GetEFUSEData_FW
0xffb7e4d0,j_GetFocusDefaultResetPosition_FW
0xffad5b04,j_GetFocusLensAvCoefficient_FW
0xffad5644,j_GetFocusLensCurrentPosition_FW
0xffad5648,j_GetFocusLensCurrentPositionWithMotor_FW
0xffad572c,j_GetFocusLensDriveVoltage_FW
0xffad5c20,j_GetFocusLensFinalStopSettingTime_FW
0xffad57e4,j_GetFocusLensGainSlope_FW
0xffad57a4,j_GetFocusLensHoldVoltage_FW
0xffad5850,j_GetFocusLensPullInMaxSpeed_FW
0xffad5650,j_GetFocusLensResetDefaultPosition_FW
0xffad564c,j_GetFocusLensResetPosition_FW
0xffad57e0,j_GetFocusLensResetVoltage_FW
0xffad5768,j_GetFocusLensSettingWaitVoltage_FW
0xffad6044,j_GetFocusPiSensorLevel_FW
0xffb7e4d8,j_GetFocusResetPosition_FW
0xffad5e14,j_GetFocusStartZoomPosition_FW
0xffad5cfc,j_GetIrisAv_FW
0xff996a9c,j_GetLcdPosition_FW
0xffad5e10,j_GetLensErrorStatus_FW
0xff901290,j_GetMacroSupportZoomPoint_FW
0xffad5ecc,j_GetMechaCondition_FW
0xffad630c,j_GetMechaShutterMoveTime_FW
0xffad6308,j_GetMechaShutterStatus_FW
0xffb7b7bc,j_GetMovieJpegVRAMHPixelsSize_FW
0xffb7b7c4,j_GetMovieJpegVRAMVPixelsSize_FW
0xffb7caf0,j_GetMShutterStatus_FW
0xffad6458,j_GetNdMoveTime_FW
0xffb7e1a0,j_GetObClampValue_FW
0xff86f2c0,j_GetOpticalTemperature_FW
0xff996a80,j_GetSDDetect_FW
0xff996a84,j_GetSDProtect_FW
0xffb787d0,j_GetShutterSpeedRegularMaxLimit_FW
0xffb787ec,j_GetShutterSpeedRegularMinLimit_FW
0xff996a6c,j_GetSwitchStatus_FW
0xff96a08c,j_GetUsableMaxAv_FW
0xff96a070,j_GetUsableMinAv_FW
0xffb7c518,j_GetVBatVoltage_FW
0xffb7a600,j_GetVideoOutType_FW
0xffb7af10,j_GetVRAMHPixelsSize_FW
0xffb7af18,j_GetVRAMVPixelsSize_FW
0xffaca2d8,j_GetZoomActuatorCurrentPosition_FW
0xffad6888,j_GetZoomAmpereLimitOffTime_FW
0xffaa77b4,j_GetZoomDrivingTime_FW
0xffad683c,j_GetZoomLensCurrentPoint_FW
0xffad6840,j_GetZoomLensCurrentPosition_FW
0xffad6848,j_GetZoomLensMechaEdgePosition_FW
0xffad68a0,j_GetZoomLensMinimumSpeedMoveLimitTime_FW
0xffaa819c,j_GetZoomLensResetPlus_FW
0xffad6844,j_GetZoomLensTelePoint_FW
0xffaa843c,j_GetZoomPiChangePosition_FW
0xffaa8438,j_GetZoomPiDefaultPosition_FW
0xffad6068,j_GetZoomPiSensorLevel_FW
0xffaa7774,j_GetZoomResetSensorLevel_FW
0xffaa776c,j_GetZoomTelePoint_FW
0xff87bd54,j_Initializedccd_FW
0xff87bd54,j_InitializeDigicon_FW
0xffaa8cb4,j_InitializeSoundRec_FW
0xff87bb08,j_InitializeTestRec_FW
0xff86f2d4,j_IsBatteryTemperature_FW
0xff86f2d0,j_IsCCDTemperature_FW
0xffb7a67c,j_IsEVFDrive_FW
0xffb7ead4,j_IsFocusLensOutSidePosition_FW
0xff996aa4,j_IsHvSensorExist_FW
0xffad5e0c,j_IsLensOutside_FW
0xff86f2cc,j_IsOpticalTemperature_FW
0xffaa70c8,j_IsSDDetect_FW
0xff996718,j_IsUnitFirmMode_FW
0xffaca2dc,j_IsZoomActuatorResetSensorPlusSide_FW
0xffaa7b54,j_IsZoomLensOutSidePosition_FW
0xff905f2c,j_j_GetBaseSv
0xffa5e294,j_LiveImageTool.GetDzoomPosition_FW
0xff96a77c,j_LoadDUIDCheckSum_FW
0xffb7c41c,j_LoadFactoryNumber_FW
0xffb7c504,j_LoadSerialNumber_FW
0xff996fe8,j_MemoryChecker_FW
0xff996fe4,j_MonSelEvent_FW
0xff82824c,j_NewTaskShell_FW
0xff827bc0,j_Open_FW
0xff83679c,j_OpLog.WriteToROM_FW
0xff99704c,j_Peek16_FW
0xff997048,j_Peek32_FW
0xff997050,j_Peek8_FW
0xff996fe0,j_Printf_FW
0xff8a0f9c,j_PTM_AllReset_FW
0xff8a1504,j_PTM_BackupUIProperty_FW
0xff8a1454,j_PTM_GetWorkingCaptureMode_FW
0xff8a14e8,j_PTM_IsEnableItem_FW
0xff8a14d0,j_PTM_NextItem_FW
0xff8a14d4,j_PTM_PrevItem_FW
0xff8a1458,j_PTM_SetCurrentItem_FW
0xff8a14ec,j_PTM_SetProprietyEnable_FW
0xff8281cc,j_PutsCameraLogEvent_FW
0xff827cc4,j_Read_FW
0xffb79bd4,j_RegistColorMatrix_FW
0xff996ff0,j_SDump_FW
0xff8281c0,j_ShowCameraLog_FW
0xff8281c4,j_ShowCameraLogInfo_FW
0xff997b94,j_SS.GetDigitalZoomPosition_FW
0xff8281bc,j_StartCameraLog_FW
0xff969530,j_StopAEIntegralService_FW
0xff8281c8,j_StopCameraLog_FW
0xff8254a4,j_strcmp_FW
0xff87bd58,j_Terminatedccd_FW
0xff87bd58,j_TerminateDigicon_FW
0xffaa8cb8,j_TerminateSoundRec_FW
0xff87bb0c,j_TerminateTestRec_FW
0xff9aff38,j_UIFS_CancelStoreLensTimer_FW
0xff9afb10,j_UIFS_Capture_FW
0xff9afb14,j_UIFS_CaptureNoneStop_FW
0xff9aff3c,j_UIFS_DisplayFirmUpdateView_FW
0xff9afb38,j_UIFS_GetMovieRecoadableNumber_FW
0xff9aff24,j_UIFS_GetNumberOfDisplayedImage_FW
0xff9afadc,j_UIFS_GetNumOfOptZoomPos_FW
0xff9afb3c,j_UIFS_GetStillShotableNumber_FW
0xff9afeec,j_UIFS_IsAvailableShots_FW
0xff9afad4,j_UIFS_MoveZoomTo_FW
0xff9afad8,j_UIFS_MoveZoomToPositionWithTaskSwCtrlServ_FW
0xff9aff20,j_UIFS_StartMoviePlay_FW
0xff9afb18,j_UIFS_StartMovieRecord_FW
0xff9afb1c,j_UIFS_StopMovieRecord_FW
0xff9afb34,j_UIFS_WriteFirmInfoToFile_FW
0xff9969d4,j_VbattGet_FW
0xff996fec,j_VerifyByte_FW
0xff827cc8,j_Write_FW
0xff875860,j_WRITEADJTABLETOFROM_FW
0xff82dce8,kbd_p1_f
0xff82dcf4,kbd_p1_f_cont
0xff82d460,kbd_p2_f
0xff82dc98,kbd_read_keys
0xff86b35c,kbd_read_keys_r2
0xff9422d4,LcdCon_GetLcdAdjParameter_FW
0xff941ecc,LcdCon_GetLcdBackLightParameter_FW
0xff942510,LcdCon_GetLcdParameter_FW
0xff942364,LcdCon_SaveLcdAdjParameter_FW
0xff941f58,LcdCon_SaveLcdBackLightParameter_FW
0xff9425a0,LcdCon_SaveLcdParameter_FW
0xff942210,LcdCon_SetLcdAdjParameter_FW
0xff941e30,LcdCon_SetLcdBackLightBrightness_FW
0xff941e68,LcdCon_SetLcdBackLightParameter_FW
0xff94219c,LcdCon_SetLcdDriver_FW
0xff942380,LcdCon_SetLcdParameter_FW
0xff942324,LcdCon_ShowLcdAdjParameter_FW
0xff941f18,LcdCon_ShowLcdBackLightParameter_FW
0xff942560,LcdCon_ShowLcdParameter_FW
0xff9426d8,LcdCon_StartLcdPeriodicalSetting_FW
0xff94270c,LcdCon_StopLcdPeriodicalSetting_FW
0xffb32b38,LCDMsg_ChangeColor_FW
0xffb32d68,LCDMsg_Create_FW
0xffb32c1c,LCDMsg_Delete_FW
0xffb32a30,LCDMsg_Move_FW
0xffb32ac8,LCDMsg_MoveRatio_FW
0xffb328ec,LCDMsg_SetNum_FW
0xffb327b0,LCDMsg_SetStr_FW
0xffb329dc,LCDMsg_SwDisp_FW
0xffb331fc,LCDRect_ChangeColor_FW
0xffb333d4,LCDRect_Create_FW
0xffb334a8,LCDRect_Delete_FW
0xffb32efc,LCDRect_Move_FW
0xffb32f94,LCDRect_MoveRatio_FW
0xffb33088,LCDRect_Resize_FW
0xffb33120,LCDRect_ResizeRatio_FW
0xffb332dc,LCDRect_SwDisp_FW
0xff9969d8,LEDDrive
0xff9969d8,LEDDrive_FW
0xffa40204,LineDefDetect_FW
0xffa402d4,LineKizuCheck_FW
0xffa5e25c,LiveImageTool.ChangeDzoom_FW
0xffa5e2b4,LiveImageTool.Dister_FW
0xffa5e1d0,LiveImageTool.DzoomTele_FW
0xffa5e1f0,LiveImageTool.DzoomWide_FW
0xff84f778,LiveImageTool.GetDzoomPosition_FW
0xffa5e298,LiveImageTool.Jump_FW
0xffa5e24c,LiveImageTool.Pause_FW
0xffa5e254,LiveImageTool.Resume_FW
0xffa5e108,LiveImageTool.StartEVF_FW
0xffa5e114,LiveImageTool.StartEVFFocusJet_FW
0xffa5e120,LiveImageTool.StartEVFMF_FW
0xffa5e154,LiveImageTool.StartEVFMovFULLHD60P_FW
0xffa5e12c,LiveImageTool.StartEVFMovFULLHD_FW
0xffa5e168,LiveImageTool.StartEVFMovHD_FW
0xffa5e17c,LiveImageTool.StartEVFMovQVGA_FW
0xffa5e190,LiveImageTool.StartEVFMovQVGA_HS_FW
0xffa5e198,LiveImageTool.StartEVFMovVGA_FW
0xffa5e1ac,LiveImageTool.StartEVFMovVGA_HS_FW
0xffa5e23c,LiveImageTool.StopDzoom_FW
0xffa5e1c0,LiveImageTool.StopEVF_FW
0xff874f2c,LoadAdjustmentTable_FW
0xff875388,LoadAdjustmentValue_FW
0xff96a234,LoadDataFromAdjTableBin_FW
0xff874f3c,LoadDefectAdjTable_FW
0xff96a760,LoadDUID_FW
0xff96a728,LoadDUIDCheckSum_FW
0xff96a79c,LoadFactoryAdjData_FW
0xff96a7f8,LoadFactoryIDData_FW
0xffb7c33c,LoadFactoryNumber_FW
0xff96a7c8,LoadHistoryAdjData_FW
0xff96a134,LoadParamDataFromAdjTableBin_FW
0xff89852c,LoadScript_FW
0xffb7c420,LoadSerialNumber_FW
0xff83e030,LocalTime
0xff89f850,LockMainPower
0xff89f850,LockMainPower_FW
0xff83612c,LogCameraEvent
0xff827d34,Lseek
0xff827d34,lseek
0xff827d34,Lseek_FW
0xffadae04,MakeBootDisk_FW
0xffa40d18,MakeDefectTurnTable_FW
0xffadae18,MakeScriptDisk_FW
0xff8322f8,MakeSDCardBootable
0xff8255d0,malloc
0xff838a1c,malloc_strictly
0xffa40928,MarkPointDefData_FW
0xff996774,Mecha.Create_FW
0xff9967e4,MechaReset_FW
0xff9967f0,MechaTerminate_FW
0xff99671c,MechaUnRegisterEventProcedure_FW
0xff8253a8,memcmp
0xff8253a8,memcmp_FW
0xff8b0f4c,memcpy
0xff8b0f4c,memcpy_FW
0xffada82c,MemoryChecker_FW
0xffa1b600,memset
0xffa1b600,memset_FW
0xff820b68,memShow_FW
0xff833c28,MenuIn
0xff833ccc,MenuOut
0xffa3fc5c,MergeAndConvertDefect_FW
0xffa404d4,MixPixDetect_FW
0xff827fb4,mkdir
0xff8b07d4,mktime_ext
0xff996f20,mod_FW
0xffadad40,MonSelEvent_FW
0xffaa7ce8,MoveComputerZoomToPoint_FW
0xff89e75c,MoveControllerToTopOfZOrder_FW
0xff8874a4,MoveCzPeakPositon_FW
0xffad402c,MoveCZToPoint_FW
0xffad40cc,MoveCZToPointByOVF_FW
0xffad409c,MoveCZToTele_FW
0xffad406c,MoveCZToWide_FW
0xffb9abd0,MoveDCMotorCCW_FW
0xffb9ab28,MoveDCMotorCW_FW
0xffad4f90,MoveFocusActuator_FW
0xffb7e888,MoveFocusDistance_FW
0xffad598c,MoveFocusLensChangeCarrierFrequency_FW
0xffb7e888,MoveFocusLensToDistance
0xffb7e888,MoveFocusLensToDistance_FW
0xffb7e76c,MoveFocusLensToPosition_FW
0xffb7e654,MoveFocusLensToPositionWithMaxSpeed_FW
0xffb7e69c,MoveFocusLensToPositionWithSpeed_FW
0xffad4348,MoveFocusLensToTerminate_FW
0xffb7e56c,MoveFocusLensToTerminatePosition_FW
0xffad43a4,MoveFocusLensToTerminateWithKeepExciting_FW
0xffad4d18,MoveFocusLensTowardPosition_FW
0xffad4400,MoveFocusLensWithDistance_FW
0xffad477c,MoveFocusLensWithFinalPosition_FW
0xffad4ac0,MoveFocusLensWithFinalPositionWithNonStepOutWithoutBacklash_FW
0xffad4bec,MoveFocusLensWithFinalPositionWithoutBacklash_FW
0xffad4524,MoveFocusLensWithPosition_FW
0xffad48b4,MoveFocusLensWithPositionImmediateReturn_FW
0xffad4e44,MoveFocusLensWithPositionWithCompBacklash_FW
0xffad4650,MoveFocusLensWithPositionWithNonStepOut_FW
0xffad4994,MoveFocusLensWithPositionWithoutBacklash_FW
0xffb7e7bc,MoveFocusPosition_FW
0xffb7e56c,MoveFocusToTerminate_FW
0xff969f10,MoveIrisFullClose_FW
0xff969ed8,MoveIrisFullOpen_FW
0xff969fb0,MoveIrisMechaPositionWithBacklash_FW
0xff969fe4,MoveIrisMechaPositionWithoutBacklash_FW
0xff969de8,MoveIrisToAv_FW
0xff96a018,MoveIrisToAvWithoutBacklash_FW
0xffad5c94,MoveIrisToTerminatePosition_FW
0xffad5c9c,MoveIrisWithAv
0xffad5c9c,MoveIrisWithAv_FW
0xffad5ccc,MoveIrisWithAvWithoutBacklash_FW
0xff969f7c,MoveIrisWithTerminatePosition_FW
0xffad5d84,MoveLensToFirstPoint_FW
0xffad5dd4,MoveLensToTerminatePoint_FW
0xffaca264,MoveZoomActuator_FW
0xffad6708,MoveZoomLensToMechaEdge_FW
0xffaa8238,MoveZoomLensToMechaEnd_FW
0xffaa7ca8,MoveZoomLensToPoint_FW
0xffaa7c68,MoveZoomLensToPosition_FW
0xffaa8344,MoveZoomLensToPositionByManual_FW
0xffad66c8,MoveZoomLensToTerminatePosition_FW
0xffad65e0,MoveZoomLensWithPoint
0xffad65e0,MoveZoomLensWithPoint_FW
0xffad662c,MoveZoomLensWithPointImmediateReturn_FW
0xffad667c,MoveZoomLensWithPosition_FW
0xffad68d8,MoveZoomLensWithPositionAndSpeedChange_FW
0xffaa7ca8,MoveZoomPoint_FW
0xffaa7c68,MoveZoomPosition_FW
0xff8e7334,MovieAF.Resume_FW
0xff8e7320,MovieAF.Suspend_FW
0xff837fec,NewTaskShell
0xff83804c,NewTaskShell_FW
0xffa29bb4,NR_SetDarkSubType
0xff9986f0,NR_SetDoubleNRType_FW
0xffa29bb4,NRTBL.SetDarkSubType_FW
0xffa29bd0,NRTBL.SetDefectCorrectType_FW
0xffa29bec,NRTBL.SetTassenType_FW
0xff996a5c,OffPrintPhySw_FW
0xffb793f0,OneShotWhigeBalance_FW
0xffb793f0,OneTypeWhiteBalance_FW
0xff996a4c,OnPrintPhySw_FW
0xff827a50,Open
0xff823c68,open
0xff827a50,Open_FW
0xff89c098,OpenConsole_FW
0xffaba150,OpenFastDir
0xff827d54,OpenForScrip_FW
0xffad61e8,OpenMechaShutter_FW
0xffb7cab4,OpenMShutter_FW
0xff8281d0,OpLog.Create_FW
0xff8371cc,OpLog.Get_FW
0xff8371ec,OpLog.GetUsrSet_FW
0xff8372ac,OpLog.Play_FW
0xff8367d0,OpLog.ReadFromROM_FW
0xff836838,OpLog.ReadFromSD_FW
0xff8374c4,OpLog.Start_FW
0xff836740,OpLog.Stop_FW
0xff8375b0,OpLog.Terminate_FW
0xff83676c,OpLog.WriteToROM_FW
0xff836c78,OpLog.WriteToSD_FW
0xff96ac98,OutputLogToFile_FW
0xff85a294,PB2Rec
0xffadacb0,Peek16_FW
0xffadaca8,Peek32_FW
0xffadacb8,Peek8_FW
0xffa3fa8c,PointDefDetect_FW
0xffa3fedc,PointKizuCheck_FW
0xff997028,Poke16_FW
0xff997018,Poke32_FW
0xff997038,Poke8_FW
0xff89efa8,PostEventShootSeqToUI_FW
0xff89ed9c,PostLogicalEventForNotPowerType
0xff89ed9c,PostLogicalEventForNotPowerType_FW
0xff89ede8,PostLogicalEventToUI
0xff89ede8,PostLogicalEventToUI_FW
0xff829f94,PostMessageQueue
0xff826774,PostMessageQueueStrictly
0xffb7a0b8,PreFixAE_FW
0xff87579c,PrintAdjKabotanInfo_FW
0xff8753ac,PrintAdjTableMap_FW
0xff967f54,PrintAllAEIntegData_FW
0xff89b31c,PrintBuildDate_FW
0xff89b330,PrintBuildTime_FW
0xff89851c,Printf_FW
0xff96a9ec,PrintFaexeVersioin_FW
0xff96a9b8,PrintFirmVersion_FW
0xff89b344,PrintFirmwareVersion_FW
0xff89b3c0,PrintInternalFirmwareVersion_FW
0xffb813c0,PrintMultiWinScanTable_FW
0xffb81174,PrintScanTable_FW
0xff997b58,PT_MoveDigitalZoomToWide
0xff997b28,PT_MoveOpticalZoomAt
0xff8ad134,PT_PlaySound
0xff9ae76c,PTM_AllReset_FW
0xff8a0f8c,PTM_AllResetToFactorySetting_FW
0xff9af468,PTM_BackupUIProperty_FW
0xff8a1464,PTM_GetCurrentItem
0xff8a1464,PTM_GetCurrentItem_FW
0xff9aea70,PTM_GetWorkingCaptureMode_FW
0xff9af394,PTM_IsEnableItem_FW
0xff9aedd0,PTM_NextItem
0xff9aedd0,PTM_NextItem_FW
0xff9aedd8,PTM_PrevItem
0xff9aedd8,PTM_PrevItem_FW
0xff8a1508,PTM_RestoreUIProperty_FW
0xff8a12e4,PTM_SetCurrentCaptureMode_FW
0xff9aea88,PTM_SetCurrentItem
0xff9aea88,PTM_SetCurrentItem_FW
0xff9af124,PTM_SetPropertyEnable
0xff9af124,PTM_SetProprietyEnable_FW
0xffad63a0,PutInNdFilter
0xffaa84c8,PutInNdFilter_FW
0xffad63c4,PutOutNdFilter
0xffaa8504,PutOutNdFilter_FW
0xff835de8,PutsCameraLogEvent_FW
0xffb3476c,qsort
0xff9048b0,QuietImager_FW
0xffa1b5d0,rand
0xff823ebc,Read
0xff823ebc,Read_FW
0xffaba2a4,ReadFastDir
0xffa1b67c,realloc
0xffada374,reboot_fw_update
0xff85897c,Rec2PB
0xffad60b0,ReceiveMechaCircuitData_FW
0xffad60d8,ReceiveMechaCircuitDataAll_FW
0xff829e30,ReceiveMessageQueue
0xff826748,ReceiveMessageQueueStrictly
0xffaa6f34,RecSoundForNCAdjEvent_FW
0xff875720,RefreshAdjustmentTableMirror_FW
0xff875790,RefreshDefectTableMirror_FW
0xffb79b9c,RegistColorMatrix_FW
0xff835298,RegisterEventProcedure
0xff824858,RegisterInterruptHandler
0xff87bd7c,RegistFirmScanNoticeCBR_FW
0xff82a380,ReleaseRecursiveLock
0xffb81098,ReloadAFAdjustment_FW
0xffb7e170,ReloadCdsAdjustment_FW
0xffb79ad8,ReloadColorAdjustment_FW
0xffb7c854,ReloadDefectAdjustmentData_FW
0xffb79950,ReloadEfAdjustment_FW
0xffb7e4bc,ReloadFocusLensAdjustment_FW
0xffb7c864,ReloadFROMDefectAdjustmentData_FW
0xff96a0b8,ReloadGetaAdjustment_FW
0xff96a0a4,ReloadIrisAdjustment_FW
0xffaa84a4,ReloadNdFilterAdjustment_FW
0xffb7c878,ReloadShadingAdjustmentData_FW
0xffb79524,ReloadWBAdjustment_FW
0xffaa76a0,ReloadZoomAdjustment_FW
0xffaa6f54,ReloadZoomNCProfileEvent_FW
0xffaa8668,RemoveTransparentMemory_FW
0xff827410,RenameFile_Fut
0xffb7e8f4,ResetFocus_FW
0xffad4274,ResetFocusLens
0xffad4274,ResetFocusLens_FW
0xffad5c70,ResetIris_FW
0xff969f48,ResetIrisPosition_FW
0xff87bd6c,ResetRegistNoticeCBR_FW
0xffaa7bb8,ResetZoom_FW
0xffad6534,ResetZoomLens
0xffad6534,ResetZoomLens_FW
0xffad6560,ResetZoomLensToFirst_FW
0xffad65a0,ResetZoomLensToTerminate_FW
0xffaa7d28,ResetZoomToAdjFirstPoint_FW
0xffaa7dec,ResetZoomToAdjTerminatePoint_FW
0xffaa7bf0,ResetZoomToFirst_FW
0xffaa7bf0,ResetZoomToFirstPoint_FW
0xffaa7c28,ResetZoomToTerminate_FW
0xffaa7c28,ResetZoomToTerminatePoint_FW
0xff83846c,Restart
0xff89b654,RomCheckSum_FW
0xff89bd18,RotateConsoleZOder_FW
0xff8752c8,SaveAdjustmentTable_FW
0xff875350,SaveAdjustmentValue_FW
0xffb7bbbc,SaveBatSenseOffsetAdjustmentTable_FW
0xff997e9c,SaveBmpVRAMData_FW
0xff875334,SaveDefectAdjTable_FW
0xff96a744,SaveDUID_FW
0xff96a768,SaveDUIDCheckSum_FW
0xff96a780,SaveFactoryAdjData_FW
0xff96a7d8,SaveFactoryIDData_FW
0xffb7c51c,SaveFactoryReserveData_FW
0xffb7ebd8,SaveFocusResetPulse_FW
0xffb7c100,SaveFromImage_FW
0xff96a7ac,SaveHistoryAdjData_FW
0xff998290,SavePaletteData
0xff998290,SavePaletteData_FW
0xff94c5ec,Scene.ForbidContiSceneDetect_FW
0xff94c680,Scene.TestBabySleep_FW
0xff94c64c,Scene.TestBabySmile_FW
0xff94c6e8,Scene.TestHumanSleep_FW
0xff94c6b4,Scene.TestHumanSmile_FW
0xff94c71c,Scene.TestKidMove_FW
0xff94c61c,Scene.TestSunset_FW
0xff8a3200,ScreenLock
0xff8a325c,ScreenUnlock
0xffadaa40,SDump_FW
0xffb7f934,SelectAdjBPFilter_FW
0xffad608c,SendMechaCircuitData_FW
0xffa3ff50,SensDefCrowdCheck_FW
0xff89f104,set_control_event
0xffb7a028,SetAdj_AEMode_FW
0xff9697bc,SetAdjAEIntegSmearLimitter_FW
0xffb7ff80,SetAdjAFIntegCrwAdd_FW
0xffb7f960,SetAdjAFWinPos_FW
0xffb7e3d0,SetAdjCdsMode_FW
0xffb79f00,SetAE_CdsGainValue_FW
0xffb79db8,SetAE_ShutterSpeed
0xffb79db8,SetAE_ShutterSpeed_FW
0xff969720,SetAEIntegAverageOBData_FW
0xff968ad0,SetAEIntegCorrectProperty_FW
0xff968b58,SetAEIntegralGetaTime_FW
0xff968b24,SetAEIntegralValueProperty_FW
0xff968a44,SetAEIntegStrobeProperty_FW
0xff969398,SetAEIntegValueBit_FW
0xff969338,SetAEIntegWindowsMode_FW
0xff89f8c4,SetAutoShutdownTime
0xff89f8c4,SetAutoShutdownTime_FW
0xffb7f9d4,SetBPFilterForBP_FW
0xffb7e1d4,SetCDSGain_FW
0xffb7e39c,SetCDSGainStep_FW
0xffb7e1d4,SetCdsGainValue_FW
0xffb7e220,SetCdsPreGainReg_FW
0xff8a9e5c,SetCurrentCaptureModeType
0xff8a9e5c,SetCurrentCaptureModeType_FW
0xff8874ac,SetCzDebugFocusMode_FW
0xff8874ac,SetCzDebugSubjectDistance_FW
0xffb7bbfc,SetDate_FW
0xffb7be1c,SetDay_FW
0xffb9acd0,SetDCMotorWaitTime_FW
0xff9697e0,SetDefaultAEIntegSmearLimitter_FW
0xff96d220,SetDefaultRecParameter_FW
0xffa40838,SetDefectDebugInfo_FW
0xffa409c4,SetDefectRecParam_FW
0xffb7e128,SetDeltaCDSGain_FW
0xff82e5cc,SetDUIDFixFlag_FW
0xff82e4d4,SetDurianMode_FW
0xff829bc4,SetEventFlag
0xffb79938,SetExStrobeMode_FW
0xff82e6ec,SetFactoryMasterFlag_FW
0xff82e71c,SetFactoryMasterROMProtection_FW
0xff82e554,SetFactoryMode_FW
0xffb7c2c4,SetFactorySerialNumber_FW
0xffaa7238,SetFaexeEventTableActivation_FW
0xff827f1c,SetFileAttributes
0xff827ea4,SetFileTimeStamp
0xffad50b8,SetFocusActuatorHoldVoltage_FW
0xffad50cc,SetFocusActuatorSlopeHoldVoltage_FW
0xffad5228,SetFocusLensAccelerationTable_FW
0xffad5954,SetFocusLensCarrierFrequency_FW
0xffad53a8,SetFocusLensCondition_FW
0xffad5394,SetFocusLensDefaultPullOutTable_FW
0xffad5730,SetFocusLensDriveVoltage_FW
0xffad57e8,SetFocusLensGainSlope_FW
0xffad57a8,SetFocusLensHoldVoltage_FW
0xffad54fc,SetFocusLensMaxSpeedLimit_FW
0xffad576c,SetFocusLensSettingWaitVoltage_FW
0xffad5318,SetFocusLensSlowdownTable_FW
0xffad50e8,SetFocusLensSpeed_FW
0xffad5170,SetFocusLensSpeedTable_FW
0xffb7eb10,SetFocusResetState_FW
0xffb7be84,SetHour_FW
0xff899560,SetHPTimerAfterNow
0xff8995e0,SetHPTimerAfterTimeout
0xff996a88,SetIgnoreAVJACK_FW
0xffb7baf8,SetImageMode
0xffb7bbcc,SetImageMode_FW
0xffb7bba8,SetInputVoltage_FW
0xffb7c0ac,SetLangMenuType_FW
0xffad5e28,SetLensOutsideFlag_FW
0xff9696f0,SetLineDefMarkThroughMode_FW
0xff901294,SetLockPosNonCorrectFlag_FW
0xff89f444,SetLogicalEventActive
0xffb7866c,SetLtkidsCorrectThroughMode_FW
0xffb78670,SetLtkidsRealtimeCorrectThroughMode_FW
0xffad6254,SetMechaShutterCloseDacSetting_FW
0xffad6310,SetMechaShutterMoveTime_FW
0xffad62a4,SetMechaShutterOpenDacSetting_FW
0xffad62f4,SetMechaShutterWaitTimeSetting_FW
0xffb7bee8,SetMinute_FW
0xff84cdf4,SetMontblancVSize_FW
0xffb7bdc0,SetMonth_FW
0xffaa6f24,SetNCParamForAdjEvent_FW
0xffad6470,SetNdDriveVoltageSetting_FW
0xffad645c,SetNdMoveTime_FW
0xffaa6f44,SetNoiseAddParamForZoomNCEvent_FW
0xffb7e1c8,SetObClamp_FW
0xffb7e1c8,SetObClampValue_FW
0xffb79364,SetOneShotWBParam_FW
0xffb79364,SetOneTypeWBParam_FW
0xff9af468,SetParameterData
0xffb9aae0,SetPMByGpio_FW
0xff89cd2c,SetPropertyCase
0xff996e9c,SetPropertyCase_FW
0xffa5db1c,SetPTGDefaultData_FW
0xff996a3c,SetRawSWCheckMode_FW
0xffb79484,SetReferenceWBGainForCalibration_FW
0xffb78678,SetSafFPGABypassMode_FW
0xffb78654,SetSafImagePredictMode_FW
0xffb78650,SetSafImageReadOutType_FW
0xffb7865c,SetSafImageWindowHArea_FW
0xffb78674,SetSafPPPBypassMode_FW
0xffb7f5cc,SetScanLensIndex_FW
0xffb7f6dc,SetScanWindowMode_FW
0xff89f498,SetScriptMode
0xff89f498,SetScriptMode_FW
0xff996998,SetSDPwrPort_FW
0xffb7bf4c,SetSecond_FW
0xffb7e270,SetSensorPreGain_FW
0xffb78750,SetShutterSpeed_FW
0xffb786f4,SetShutterSpeedWithMecha_FW
0xff8249d8,SetSR
0xff82e158,SetSSIDForFAWLAN_FW
0xff9969c8,SetStereoSeparation_FW
0xffa5db30,SetTassenAdjSGMode_FW
0xff87bb44,SetTestRecMasterCxCy_FW
0xff87bcc4,SetTestRecSkimmingYUV_FW
0xff826a9c,SetTimerAfter
0xff826b08,SetTimerWhen
0xffb794ac,SetToolCorrectCoefficient_FW
0xffb7a640,SetVideoOutType_FW
0xffb7c888,SetWBTemperature_FW
0xffb79444,SetWBYlStandardWidth_FW
0xff9692c4,SetWhiteCoefficient_FW
0xffb7c62c,SetWindowSystemDrawSetting_FW
0xff82e148,SetWLANFactoryMode_FW
0xffb7bd60,SetYear_FW
0xffaca2ac,SetZoomActuatorSpeedPPS_FW
0xffad686c,SetZoomAmpereLimitOffTime_FW
0xffaa8424,SetZoomAmpereLimitOffTimeForAdjustZoom_FW
0xffaa80dc,SetZoomCommonDriveParam_FW
0xffaa7ed4,SetZoomDriveParam_FW
0xffad67cc,SetZoomLensDriveAmpereDac_FW
0xffaa7e34,SetZoomLensEncoderPowerControl_FW
0xffad688c,SetZoomLensMoveTimeLimit_FW
0xffad68a4,SetZoomLensSpeedChangeMaxTime_FW
0xffad68b8,SetZoomLensSpeedChangeRate_FW
0xffad67b0,SetZoomLensSpeedMode_FW
0xffaa6f64,SetZoomNCEffectiveEvent_FW
0xffaa7f94,SetZoomNormalDriveParam_FW
0xffaca33c,SetZoomPermitTargetMaxSpeedPPS_FW
0xffaa7f34,SetZoomResetDriveParam_FW
0xffaa7b6c,SetZoomResetState_FW
0xffaca320,SetZoomSpeedCheckStopTime_FW
0xffaa7e48,SetZoomSpeedMode_FW
0xff997068,ShowAllTaskInfo_FW
0xff835eb4,ShowCameraLog_FW
0xff835e48,ShowCameraLogInfo_FW
0xffb79d68,ShowCurrentExp_FW
0xff874e8c,ShowDefaultAdjTableVersion_FW
0xffad5494,ShowFocusLensCurrentSpeedTable_FW
0xffad5b08,ShowFocusLensIrisCoefficientCheckSum_FW
0xff89f004,ShowLogicalEventName_FW
0xffad5e3c,ShowMechaCondition_FW
0xff9967fc,ShowMechaMacro_FW
0xff996a2c,ShowPhySwStatus_FW
0xff996a70,ShowSDStatus_FW
0xffaa8598,ShowTransparentMemory_FW
0xff8a3b40,ShutdownPlayModeMenu_FW
0xff8a3c54,ShutdownPlayModeMenuWithoutPbRedraw_FW
0xff8a398c,ShutdownRecModeMenu_FW
0xffa21bd8,ShutterTool.CheckExpTime_FW
0xffa21bf8,ShutterTool.CheckExpTimeWithErrMode_FW
0xffa21978,ShutterTool.CheckTv_FW
0xffa21a18,ShutterTool.CheckTvWithErrMode_FW
0xffa21c34,ShutterTool.GetCurExpTime_FW
0xffa21c14,ShutterTool.GetCurTv_FW
0xffa21d00,ShutterTool.GetLimOfExpTime_FW
0xffa21d30,ShutterTool.GetLimOfExpTimeRegular_FW
0xffa21c54,ShutterTool.GetLimOfTv_FW
0xffa21db0,ShutterTool.GetLimOfTvForFix_FW
0xffa21dcc,ShutterTool.GetLimOfTvForFixWithAv_FW
0xffa21c84,ShutterTool.GetLimOfTvRegular_FW
0xffa21ae0,ShutterTool.SetExpTime_FW
0xffa21d8c,ShutterTool.SetExpTimeForFix_FW
0xffa21aec,ShutterTool.SetExpTimeWithErrMode_FW
0xffa2186c,ShutterTool.SetTv_FW
0xffa21d60,ShutterTool.SetTvForFix_FW
0xffa21880,ShutterTool.SetTvWithErrMode_FW
0xffb7a2f4,SleepAE_FW
0xff82a760,SleepTask
0xff82a760,SleepTask_FW
0xff825374,sprintf_FW
0xffa1b5c4,srand
0xff997b98,SS.ChangeZoomSpeed_FW
0xff997c0c,SS.Create_FW
0xff997bcc,SS.DoAELock_FW
0xff997bac,SS.DoAFLock_FW
0xff83306c,SS.GetDigitalZoomPosition_FW
0xff997b80,SS.GetDigitalZoomTele_FW
0xff997bfc,SS.MFOff_FW
0xff997bec,SS.MFOn_FW
0xff997b68,SS.MoveDigitalZoomAt_FW
0xff997b48,SS.MoveDigitalZoomToTele_FW
0xff997b58,SS.MoveDigitalZoomToWide_FW
0xff997b28,SS.MoveOpticalZoomAt_FW
0xff997b00,SS.MoveOpticalZoomToTele_FW
0xff997b14,SS.MoveOpticalZoomToWide_FW
0xff997bdc,SS.UnlockAE_FW
0xff997bbc,SS.UnlockAF_FW
0xff997bfc,SS_MFOff
0xff997bec,SS_MFOn
0xffa1b470,sscanf_FW
0xff893c50,SSFS_CompleteCaptModeChange_FW
0xff893c50,SSFS_CompleteFileWrite_FW
0xff893c50,SSFS_CompletePreCapt_FW
0xff893c50,SSFS_CompleteShootPicture_FW
0xff893c50,SSFS_CompleteStopDigZoom_FW
0xff893c50,SSFS_CompleteStopZoom_FW
0xff893c50,SSFS_CompleteSynchroWrite_FW
0xff893c50,SSFS_ShootPicture_FW
0xffb7ff64,StartAdjAFInteg_FW
0xffb7fbf0,StartAdjAFService_FW
0xff9696e4,StartAEIntegralService_FW
0xff835f04,StartCameraLog_FW
0xffb78550,StartCaptureDrive_FW
0xffb80714,StartCrwCustomScan_FW
0xffb806a4,StartCustomScan_FW
0xff88749c,StartCzTuning_FW
0xffb9ace4,StartDCMDriveTimeCounter_FW
0xffb7ab7c,StartEVFDrive_FW
0xffb7ab38,StartEVFDriveWithMode_FW
0xff82e828,StartFactoryModeController_FW
0xff96b110,StartLogOut_FW
0xff8a38b8,StartPlayModeMenu_FW
0xff8a38d4,StartRecModeMenu
0xff8a38d4,StartRecModeMenu_FW
0xff8250d8,StartRedirectUART_FW
0xffaa8cf0,StartSoundPlay_FW
0xffaa8cbc,StartSoundRecord_FW
0xffaa8fb4,StartTestRecLog_FW
0xff89b1b4,StartWDT_FW
0xff827d7c,stat
0xffb7ff54,StopAdjAFInteg_FW
0xffb7fd34,StopAdjAFService_FW
0xff9693d0,StopAEIntegralService_FW
0xff8360cc,StopCameraLog_FW
0xffb77a64,StopCaptureDrive_FW
0xffb7af20,StopContinuousVRAMData_FW
0xffb80694,StopCustomScan_FW
0xffad4104,StopCZ_FW
0xffb9acf4,StopDCMDriveTimeCounter_FW
0xffb7a6b4,StopEVFDrive_FW
0xffad71e4,StopISDrive_FW
0xff96ada4,StopLogOut_FW
0xff82e088,StopPtpipServiceForFAWLAN_FW
0xff8251ec,StopRedirectUART_FW
0xffb79a18,StopStrobeChargeForFA_FW
0xffaa8fcc,StopTestRecLog_FW
0xff89b214,StopWDT_FW
0xffaa7b60,StopZoomEmergency_FW
0xff838e14,strcat
0xff838e9c,strchr
0xff8254a4,strcmp
0xff8254cc,strcmp_FW
0xff825390,strcpy
0xff825390,strcpy_FW
0xff8b0820,strftime
0xff8254e8,strlen
0xff8254e8,strlen_FW
0xff838e50,strncmp
0xff8286ac,strncpy
0xff8b1098,strrchr
0xff838e00,strtol
0xff838c04,strtolx
0xffb7a5a0,SwitchOffDisplay_FW
0xffb7a5f0,SwitchOnDisplay_FW
0xff997740,System.Create_FW
0xff997078,System.Delete_FW
0xff826474,TakeSemaphore
0xff826474,TakeSemaphore_FW
0xff82671c,TakeSemaphoreStrictly
0xffa46950,task__cntFlashTask
0xff84c5f4,task__imageSensorTask
0xff90be70,task__tgTask
0x000d245c,task_AdditionAgent
0xff8e90c0,task_AfIntSrvTask
0xff8487c0,task_AFTask
0xff945964,task_ASIF
0xff86be68,task_AudioTsk
0xff82c5c8,task_BatteryTask
0xff86942c,task_BeepTask
0xff82e05c,task_bomStopPTPIPTask
0xff8d19dc,task_BrtMsrTask
0xff83829c,task_Bye
0xff88ca84,task_CaptSeq
0xff88ca84,task_CaptSeqTask
0xff946648,task_ChaseFrame
0xff94c1f8,task_ChaseTask
0xff8229dc,task_ClockSave
0xff85ab48,task_CommonDrivers
0xff89b70c,task_ConsoleSvr
0xff956ff0,task_CorctTask
0xffa87d94,task_CorrectLiveTassenTask
0xffad8518,task_CreateHeaderTask
0xffb8408c,task_CtgTotalTask
0xff89dca8,task_CtrlSrv
0xff96f938,task_dccdCalcTask
0xffabba6c,task_DecJpgRd
0xff95d5f0,task_DefMarkRomCopyTask
0xff8e0768,task_DetectMoveTask
0xff8e2420,task_DevelopModule
0xff948fe4,task_DispFace
0xffad88a4,task_DistTask
0xff979534,task_DPOFTask
0xffa13eb0,task_DSITask
0xff99bc70,task_DvlpSeqTask
0xff8e4aa4,task_EFChargeT
0xff99f1a0,task_Epilog
0xff837f38,task_EvShel
0xff8db0b0,task_ExpDrv
0xffa36ea0,task_ExpDrvSubTask
0xff8db0b0,task_ExpDrvTask
0xff8aa72c,task_FaceFrame
0xff95a348,task_Fencing
0xffab1f58,task_FileManMarkAllTask
0xff97f47c,task_FileScheduleTask
0xffab8cf0,task_FileWrite
0xffab8cf0,task_FileWriteTask
0xffabac9c,task_FilYuvMaker
0xffac27ec,task_FocusEvent
0xffab2928,task_FORMAT_TASK_NAME
0xffab2748,task_FORMAT_TASK_PROGRESS
0xff871064,task_FrameTask
0xff82ea00,task_FsIoNotifyTask
0xff9028dc,task_GapSnd
0xffadae2c,task_ImagePlaySysConTask
0xffadceb4,task_ImageRetryConTask
0xff97dbd4,task_ImageStoreTask
0xff98ae2c,task_ImgPlayDrv
0xffabf368,task_ImgPlyLowTask
0xffabf1b4,task_ImgPlyTask
0xff85ab10,task_InitFileModules
0xffad9c20,task_JpegEncTask
0xff9425e8,task_LcdConTask
0xff86a92c,task_LEDCon
0xff8881b4,task_LensController
0xff90e8e0,task_LiveImageTask
0xff89bda8,task_LowConsole
0xffac7268,task_MechaAlarm
0xff98f8e8,task_MechaCPUTransfer
0xff992970,task_MechaNCTask
0xffac76b8,task_MechaShutter
0xff87fbd4,task_MediaStatusMngr
0xff951cec,task_MotionVector
0xff995d5c,task_MovieRecord
0xffad27d8,task_MovieWriter
0xffacf590,task_MovPlay
0xffb9e4bc,task_MovRead
0xffac8320,task_Nd
0xff92ad78,task_NormalThumbCache
0xff8df83c,task_OBCtrlTask
0xff8365ec,task_OpePlay
0xff82d7c4,task_PhySw
0xff9284a4,task_PTPSessionTASK
0xffa6ede4,task_PTPtoFAPI_EventProcTask_Block
0xffa6ed3c,task_PTPtoFAPI_EventProcTask_Try
0xffbb6ab4,task_ReadFileTask
0xffb29768,task_ReadMultiConTask
0xffb928c4,task_ReadScheduleTask
0xff882a40,task_RedEyeCapt
0xffad8f94,task_ResizeTask
0xff94b9f4,task_SceneDetectTask
0xff882100,task_SD1stInit
0xff99a68c,task_ShutterSoundTask
0xff906978,task_SsgMainTask
0xff906b44,task_SsgPeriodTask
0xff88b548,task_SsStartupTask
0xff893cd0,task_SsTask
0xff828558,task_Startup
0xff82b490,task_StartupImage
0xff90f428,task_SynchTask
0xff90f384,task_SyncPeriod
0xff86edfc,task_Thermometer
0xff922028,task_TimerUtility
0xff994138,task_TmgGen
0xff92ed8c,task_TrnsCtrlTask
0xff824f34,task_UartLog
0xff84fd08,task_WBCtrl
0xff8c7d7c,task_WBIntegTask
0xff91d6a0,task_WBLPFace
0xff99b598,task_WbSeqTask
0xff89b044,task_WdtPrint
0xff89b0f4,task_WdtReset
0xffac91fc,task_ZoomActuatorSpeedLog
0xffac8f38,task_ZoomEvent
0xff997c98,TerminateAdjustmentSystem_FW
0xff87b054,Terminatedccd_FW
0xffa40d08,TerminateDefectRec_FW
0xff87b054,TerminateDigicon_FW
0xffaa8e20,TerminateFAExtendFile_FW
0xffaa8dfc,TerminateFAGeneralTest_FW
0xffb7cb94,TerminateMechaDevice_FW
0xff996710,TerminateMechaUnitExeTest_FW
0xffaa8c88,TerminateSoundRec_FW
0xff87a524,TerminateTestRec_FW
0xff82ab10,time
0xff82a058,TryPostMessageQueue
0xff829f24,TryReceiveMessageQueue
0xff826424,TryTakeSemaphore
0xff8ac83c,TurnOffBackLight
0xff8666c0,TurnOffDisplay
0xff8381ec,TurnOffE1_FW
0xffad63c4,TurnOffNdFilter_FW
0xffad6420,TurnOffNdFilterWithTiming_FW
0xff86d2dc,TurnOffVideoOutMode_FW
0xff8ac824,TurnOnBackLight
0xff8666b0,TurnOnDisplay
0xffad63a0,TurnOnNdFilter_FW
0xffad63e8,TurnOnNdFilterWithTiming_FW
0xff86d2a4,TurnOnVideoOutMode_FW
0xff9b0ae8,UI.Create_FW
0xff9aff40,UI.CreatePublic_FW
0xff9b0ae8,UI_RegistDebugEventProc_FW
0xff9b0ad4,UI_ShowStateOfRecMode_FW
0xff89f444,UiEvnt_SetLogicalEventActive_FW
0xff89f608,UiEvnt_StartDisguiseCradleStatus_FW
0xff89f618,UiEvnt_StopDisguiseCradleStatus_FW
0xff85a0a4,UIFS_CancelStoreLensTimer_FW
0xff93c4b0,UIFS_Capture_FW
0xff93c584,UIFS_CaptureNoneStop_FW
0xff9afb40,UIFS_ChangeShootState_FW
0xff9af9e4,UIFS_ClosePopupStrobe_FW
0xff9afa74,UIFS_ConnectVideo_FW
0xff9af7bc,UIFS_CtrlManControllerAnytimeTop_FW
0xff9afaa4,UIFS_DisconnectVideo_FW
0xff9d1288,UIFS_DisplayFirmUpdateView_FW
0xff9afb28,UIFS_EndClockMode_FW
0xff9afd78,UIFS_GetAvItem_FW
0xff9afbc0,UIFS_GetAvItemCount_FW
0xff9afde8,UIFS_GetCurrentAvString_FW
0xff9afe68,UIFS_GetCurrentTvString_FW
0xff9afb88,UIFS_GetLastPath_FW
0xff863418,UIFS_GetMovieRecoadableNumber_FW
0xff9e8ae4,UIFS_GetNumberOfDisplayedImage_FW
0xff8602a0,UIFS_GetNumOfOptZoomPos_FW
0xff863414,UIFS_GetStillShotableNumber_FW
0xff9afdb0,UIFS_GetTvItem_FW
0xff9afc30,UIFS_GetTvItemCount_FW
0xff9af7e4,UIFS_IsAutoPopupDownStrobe_FW
0xff9af7ec,UIFS_IsAvailableAvTvMode_FW
0xff9af7cc,UIFS_IsAvailableMovieRecDigZoom_FW
0xff9af7c4,UIFS_IsAvailableMovieRecOptZoom_FW
0xff9af7dc,UIFS_IsAvailableRecMenuAFMode_FW
0xff9af7d4,UIFS_IsAvailableServoAF_FW
0xff862ec0,UIFS_IsAvailableShots_FW
0xff9afef0,UIFS_IsOperationEvent_FW
0xff9afa14,UIFS_MountExtFlash_FW
0xff85fdc8,UIFS_MoveZoomTo_FW
0xff8603d0,UIFS_MoveZoomToPositionWithTaskSwCtrlServ_FW
0xff9af9b4,UIFS_OpenPopupStrobe_FW
0xff9aff28,UIFS_PlayTrimExecuteAllImageSize_FW
0xff9afae8,UIFS_PostModeDial_FW
0xff9afae4,UIFS_RestartPostingUIEvent_FW
0xff9afb30,UIFS_SetCradleSetting_FW
0xff9af960,UIFS_SetDialMovieRec_FW
0xff9af994,UIFS_SetDialPlay_FW
0xff9af940,UIFS_SetDialStillRec_FW
0xff9afb64,UIFS_ShootSeqToUI_FW
0xff9afb20,UIFS_StartClockMode_FW
0xff9e4ab0,UIFS_StartMoviePlay_FW
0xff85e4f8,UIFS_StartMovieRecord_FW
0xff85e51c,UIFS_StopMovieRecord_FW
0xff9afae0,UIFS_StopPostingUIEvent_FW
0xff9afa44,UIFS_UnmountExtFlash_FW
0xff9aff30,UIFS_WirelessExecuteSendForever_FW
0xff9ccbb8,UIFS_WriteFirmInfoToFile
0xff9ccbb8,UIFS_WriteFirmInfoToFile_FW
0xff8b0100,UndisplayBusyOnScreen
0xff82e03c,UndisplayFactoryMode_FW
0xff898430,UnLoadScript_FW
0xff8336b4,UnlockAE
0xff833384,UnlockAF
0xff89f7a8,UnlockMainPower
0xff89f7a8,UnlockMainPower_FW
0xffb79be4,UnregistColorMatrix_FW
0xff8248e8,UnregisterInterruptHandler
0xff82cab0,VbattGet
0xff82cab0,VbattGet_FW
0xffada864,VerifyByte_FW
0xff82866c,vsprintf
0xffa40dd8,VStripeCheck_FW
0xffa40e9c,VStripeTassenThrough_FW
0xff997054,Wait_FW
0xff829af8,WaitForAllEventFlag
0xff8267cc,WaitForAllEventFlagStrictly
0xff829a0c,WaitForAnyEventFlag
0xff8267a0,WaitForAnyEventFlagStrictly
0xffad6650,WaitMoveZoomLensComplete_FW
0xff827b6c,Write
0xff827b6c,Write_FW
0xff87582c,WRITEADJTABLETOFROM_FW
0xff875864,WRITEADJUSTMENTDATATOFROM_FW
0xffad5fe0,WriteMechaLogToFile_FW
0xffad5fd0,WriteMechaLogToRom_FW
0xff881a2c,WriteSDCard
0xff86ba64,WriteToRom_FW
0xff875898,WRITEUSERSETTINGDATATOFROM_FW
